1 0 1
2 100 1
3 500 1
4 1000 2
5 2000 2
6 4000 2
7 8000 2
8 16000 2
9 32000 2
10 64000 2
11 128000 2
12 256000 2
13 512000 2
14 998400 2
15 1630720 2
16 2452736 2
17 3521357 2
18 4910564 2
19 6716533 2
20 9064293 2
21 12116381 2
22 16084095 2
23 21242123 2
24 27947561 2
25 36664629 2
26 47996817 2
27 62728662 2
28 81880061 2
29 106776880 2
30 139142743 2
31 181218366 2
32 235916676 2
33 307024479 2
34 399464623 2
35 519636810 2
36 675860653 2
37 878951649 2
38 1142969944 2
39 1486193727 2
40 1932384645 2
41 2512432838 2
42 3266495490 2
43 4246776937 2
44 5521142818 2
45 7177818463 2
46 9331496802 2
47 12131278643 2
48 15770995036 2
49 20502626347 2
50 26653747051 2